m = 50;
m_hat = 0.95*m;
b = 150;
b_hat = 0.95*b;

md = 50;
kd = 0;
bd = 10;

kp = 100000;
kv = 20000;

T = 0.002;
